timestamp=2026-09-28T14:57:22.775431Z
commit=0df12f0c13144d3c9764ec2ea43fc50536b4ded6
workingTree=dirty
machine=Apple-M2-8-cores-24GiB
os=Mac OS X 26.6.2 aarch64
jvm=Java HotSpot(TM) 64-Bit Server VM 25.0.3+9-LTS-195
jvmArgs=[-Xms256m, -Xmx1g, -Dbenchmark.commit=0df12f0c13144d3c9764ec2ea43fc50536b4ded6, -Dbenchmark.tree=dirty-issue-112-harness-only, -Dbenchmark.machine=Apple-M2-8-cores-24GiB]
processors=8
maxHeapBytes=1073741824
warmup=50, repetitions=200, execution=sequential
memoryMetric=sum of heap-pool peak used bytes since reset; not simultaneous live peak or RSS
workload,qubits,minMs,medianMs,maxMs,heapPoolPeakSumBytes,stateVectorLowerBoundBytes,samplesMs
H-q0-existing-register,20,6.208541,6.431313,8.251458,281750600,16777216,"[7.214958, 6.735833, 6.472917, 6.608083, 6.4535, 6.837834, 6.345333, 6.409959, 6.426125, 6.413375, 6.848042, 7.1405, 8.251458, 7.023791, 6.70575, 6.418208, 7.144417, 6.428542, 6.409083, 6.765167, 6.433584, 7.062417, 6.526292, 6.323875, 6.404709, 6.430916, 6.797, 6.353167, 6.396333, 6.416083, 6.371875, 6.431625, 6.845292, 6.379042, 6.38775, 6.410625, 6.451583, 6.805417, 6.376583, 6.398667, 6.392625, 6.415333, 6.363084, 6.714583, 6.2995, 6.372875, 6.371834, 6.424208, 6.79225, 6.398667, 6.360958, 6.405083, 6.439083, 6.818375, 6.283584, 6.389125, 6.38625, 6.445709, 6.374375, 6.673417, 6.375542, 6.3935, 6.465417, 6.429708, 6.809667, 6.24125, 6.366625, 6.436542, 6.418875, 6.810042, 6.318166, 6.395708, 6.596667, 6.766084, 6.594916, 6.864208, 6.385916, 6.407416, 6.381, 6.378208, 6.860458, 6.211917, 6.340709, 6.421042, 6.410042, 6.818083, 6.387875, 6.415166, 6.693041, 6.732042, 6.760084, 6.724375, 6.259583, 6.405416, 6.380375, 6.382583, 6.790125, 6.2335, 6.420583, 6.393208, 6.378458, 6.41475, 6.667083, 6.385583, 6.76225, 6.568125, 6.450542, 6.816125, 6.729958, 6.474541, 6.443791, 6.439833, 6.810667, 6.243167, 6.359625, 6.43625, 6.400375, 6.420125, 6.618875, 6.312959, 6.414416, 6.562084, 6.626709, 7.034083, 6.714084, 6.649958, 6.767292, 6.721459, 7.233875, 6.781125, 6.717958, 6.646833, 6.450041, 6.594458, 7.163667, 6.662916, 6.455833, 6.431667, 6.423916, 8.177542, 6.770875, 7.9935, 6.958625, 6.798291, 7.398834, 6.72, 6.91, 6.508916, 6.424875, 6.389667, 6.770416, 6.852167, 6.563125, 6.486625, 6.490709, 6.820791, 6.286333, 6.42125, 6.381125, 6.36375, 6.382167, 6.675042, 6.408541, 6.431, 6.373792, 6.395209, 6.875959, 7.148833, 6.792834, 6.771958, 6.418333, 6.790666, 6.208541, 6.377416, 6.389708, 6.369167, 6.377584, 6.779125, 6.437042, 6.426583, 6.361959, 6.373875, 6.753167, 6.41125, 6.421708, 6.376458, 6.369708, 6.792584, 6.339833, 6.426375, 6.412916, 6.362875, 6.377084, 6.695042, 6.3505, 6.527208, 6.723917, 6.375875, 6.779625, 6.368459]"
CNOT-q0-qLast-existing-register,20,6.223417,6.640396,51.220125,282140648,16777216,"[6.331084, 6.381917, 6.284084, 6.258375, 6.314666, 7.119958, 6.525667, 6.553666, 6.280625, 6.292083, 6.302833, 6.333209, 7.096084, 7.111708, 6.33125, 6.286708, 6.3515, 6.252959, 6.243958, 6.8215, 6.223417, 6.271875, 6.897, 6.373625, 6.3535, 7.205208, 8.274, 7.006042, 6.839666, 6.9135, 6.966291, 7.4745, 7.655209, 7.038417, 6.588125, 6.450083, 6.432084, 6.564541, 7.081084, 6.729375, 7.227292, 6.822083, 6.364541, 6.295667, 6.966208, 6.70475, 6.324875, 6.405083, 6.69025, 6.428334, 6.858792, 6.360125, 6.275584, 6.348708, 6.245084, 6.790416, 6.288625, 7.33975, 6.376084, 6.24375, 6.326583, 6.265792, 6.720791, 6.233667, 6.694375, 6.305791, 6.372125, 6.373583, 6.3025, 6.620792, 6.231709, 6.514625, 7.22975, 6.596166, 6.615958, 6.231042, 6.730542, 6.576458, 7.123625, 6.409041, 6.487084, 6.296791, 6.564208, 7.29125, 7.894792, 7.336459, 11.830375, 7.574083, 10.198542, 51.220125, 8.363541, 14.149833, 7.634208, 7.230208, 6.855834, 6.703, 6.972042, 6.896, 7.238166, 6.299167, 6.727709, 6.292375, 6.864125, 6.690667, 6.47675, 7.811125, 7.491042, 7.29575, 7.703833, 6.859666, 6.638541, 6.626541, 7.957125, 6.776375, 6.734625, 6.932542, 7.019166, 6.531167, 6.815167, 7.188416, 7.356958, 7.674916, 7.619167, 7.158334, 7.273458, 6.975708, 7.73525, 6.816625, 6.412583, 6.573167, 7.256916, 6.968917, 6.600459, 6.470541, 6.744334, 6.637459, 6.309, 6.343958, 7.02275, 6.4, 6.584542, 6.814792, 6.318416, 6.394833, 6.311917, 6.347417, 7.266583, 6.383167, 7.285417, 6.592167, 6.380209, 6.943834, 6.955584, 7.683292, 6.487708, 7.044292, 6.466208, 6.321166, 6.267375, 6.387125, 6.432959, 6.594667, 6.946541, 7.358792, 7.310708, 8.449458, 6.733709, 6.693542, 6.64225, 7.257458, 6.485584, 6.567792, 6.713875, 7.193375, 6.592667, 8.108583, 7.273875, 6.462333, 6.643291, 6.855958, 6.590167, 6.283083, 6.394791, 6.409375, 7.112667, 6.991625, 6.301042, 6.375125, 6.290792, 6.282125, 7.095625, 6.738833, 6.354417, 6.664666, 6.265083, 6.480875, 6.440167, 6.3665, 7.052333, 6.743292]"
